0 0.208854 0.775463 0.064583 0.202778
0 0.207292 0.607407 0.048958 0.175926
0 0.310417 0.713426 0.057292 0.193519
0 0.347656 0.578241 0.053646 0.169444
0 0.359115 0.377315 0.021354 0.095370
0 0.354427 0.309259 0.018229 0.075926
0 0.309375 0.395370 0.032292 0.105556
0 0.172135 0.471759 0.077604 0.084259
0 0.275260 0.341204 0.051562 0.062037
0 0.682552 0.380093 0.041146 0.100926
0 0.625521 0.471759 0.029167 0.113889
0 0.674740 0.472685 0.028646 0.125000
0 0.645833 0.560185 0.036458 0.151852
0 0.776823 0.501852 0.046354 0.118519
0 0.723698 0.467130 0.045312 0.121296
0 0.706771 0.533333 0.031250 0.103704
0 0.699740 0.593981 0.045312 0.160185
0 0.747396 0.655556 0.041667 0.179630
0 0.784896 0.609259 0.044792 0.164815
0 0.839323 0.643981 0.047396 0.189815
0 0.815885 0.871759 0.121354 0.230556
0 0.963542 0.943981 0.072917 0.112037
0 0.893229 0.718981 0.051042 0.213889
0 0.967448 0.768981 0.065104 0.204630
0 0.390365 0.282870 0.025521 0.086111
0 0.683854 0.250000 0.039583 0.077778
1 0.572135 0.529630 0.111979 0.209259
1 0.608073 0.790741 0.169271 0.331481
1 0.625781 0.281481 0.089063 0.081481
1 0.550781 0.270833 0.092188 0.093519
1 0.433594 0.145833 0.032813 0.080556
1 0.774740 0.266667 0.109896 0.094444
1 0.453125 0.204167 0.026042 0.071296
2 0.474740 0.068056 0.019271 0.037963
