0 0.206250 0.617130 0.065625 0.163889
0 0.205469 0.783333 0.077604 0.205556
0 0.308854 0.724074 0.063542 0.218519
0 0.346094 0.584722 0.053646 0.165741
0 0.308333 0.398148 0.022917 0.112963
0 0.357812 0.380556 0.041667 0.094444
0 0.352344 0.308333 0.029687 0.075926
0 0.393229 0.279167 0.033333 0.082407
0 0.683594 0.378241 0.050521 0.104630
0 0.616667 0.465278 0.037500 0.125000
0 0.644010 0.561574 0.045312 0.136111
0 0.694531 0.587500 0.042188 0.163889
0 0.675781 0.467593 0.040104 0.138889
0 0.720052 0.467593 0.036979 0.129630
0 0.709375 0.539352 0.055208 0.134259
0 0.772396 0.498611 0.053125 0.134259
0 0.747135 0.658796 0.056771 0.210185
0 0.786458 0.618981 0.056250 0.171296
0 0.838021 0.631019 0.042708 0.189815
0 0.803385 0.864815 0.099479 0.225926
0 0.890104 0.711111 0.063542 0.190741
0 0.961719 0.763426 0.069271 0.208333
0 0.949740 0.934722 0.100521 0.130556
0 0.682552 0.251389 0.043229 0.080556
0 0.483854 0.241667 0.023958 0.066667
0 0.172135 0.479630 0.074479 0.094444
0 0.269531 0.345833 0.064062 0.075000
1 0.548958 0.269444 0.086458 0.109259
1 0.621094 0.277315 0.076563 0.102778
1 0.569792 0.531944 0.115625 0.199074
1 0.608854 0.790278 0.162500 0.334259
1 0.432812 0.144444 0.027083 0.077778
1 0.452344 0.205093 0.028646 0.071296
2 0.475260 0.068981 0.020313 0.039815
