0 0.125521 0.881481 0.075000 0.237037
0 0.353646 0.744444 0.057292 0.222222
0 0.507812 0.711574 0.047917 0.199074
0 0.526563 0.940278 0.052083 0.119444
0 0.710417 0.908796 0.066667 0.182407
0 0.842969 0.927315 0.082812 0.145370
0 0.916146 0.847685 0.063542 0.191667
0 0.769010 0.781019 0.058854 0.176852
0 0.621094 0.456944 0.032813 0.087963
0 0.632292 0.542593 0.035417 0.138889
0 0.655469 0.513889 0.022396 0.122222
0 0.673438 0.472685 0.023958 0.119444
0 0.692187 0.580093 0.029167 0.104630
0 0.708073 0.538889 0.024479 0.112963
0 0.720052 0.478241 0.029687 0.097222
0 0.741667 0.550926 0.019792 0.127778
0 0.771094 0.505556 0.036979 0.112963
0 0.789844 0.462037 0.034896 0.098148
0 0.818490 0.552315 0.024479 0.136111
0 0.870573 0.563426 0.035937 0.136111
0 0.903125 0.660185 0.040625 0.150000
0 0.843490 0.627315 0.038021 0.160185
0 0.796615 0.655093 0.047396 0.100926
0 0.784635 0.587963 0.030729 0.114815
0 0.821875 0.733796 0.046875 0.149074
0 0.175521 0.475463 0.066667 0.071296
0 0.274740 0.343519 0.052604 0.046296
0 0.286719 0.404630 0.015104 0.105556
0 0.316667 0.354167 0.025000 0.091667
0 0.367448 0.317130 0.019271 0.086111
0 0.615104 0.286574 0.025000 0.067593
0 0.337500 0.319444 0.016667 0.074074
1 0.569271 0.530556 0.102083 0.214815
1 0.610938 0.794444 0.141667 0.342593
1 0.459115 0.367130 0.069271 0.125000
1 0.324479 0.454630 0.070833 0.157407
1 0.526042 0.296296 0.093750 0.085185
1 0.453385 0.212500 0.026562 0.065741
1 0.417448 0.164352 0.036979 0.073148
2 0.469792 0.081019 0.019792 0.043519
1 0.865104 0.256481 0.065625 0.081481
