0 0.243750 0.482870 0.031250 0.132407
0 0.302083 0.382407 0.020833 0.100000
0 0.176563 0.476852 0.068750 0.081481
0 0.270573 0.337500 0.046354 0.058333
0 0.322135 0.344444 0.019271 0.070370
0 0.355208 0.342593 0.023958 0.087037
0 0.593750 0.257407 0.016667 0.057407
0 0.506771 0.624074 0.038542 0.153704
0 0.517708 0.849537 0.043750 0.223148
0 0.623437 0.474074 0.022917 0.087037
0 0.671094 0.474074 0.026562 0.087037
0 0.638542 0.544444 0.029167 0.103704
0 0.720833 0.487037 0.028125 0.109259
0 0.696615 0.586574 0.042188 0.099074
0 0.661979 0.677315 0.036458 0.123148
0 0.655729 0.510648 0.023958 0.115741
0 0.710156 0.673611 0.051562 0.160185
0 0.714323 0.869444 0.063021 0.198148
0 0.784896 0.470833 0.026042 0.097222
0 0.769531 0.498611 0.042188 0.102778
0 0.742448 0.543056 0.025521 0.128704
0 0.787760 0.602315 0.031771 0.097222
0 0.827865 0.595833 0.045312 0.126852
0 0.858854 0.533333 0.036458 0.105556
0 0.768229 0.780556 0.047917 0.192593
0 0.826823 0.905556 0.060937 0.188889
0 0.891927 0.781481 0.053646 0.168519
0 0.897396 0.633333 0.038542 0.135185
0 0.826302 0.723148 0.066146 0.103704
1 0.571094 0.527315 0.103646 0.208333
1 0.610156 0.793056 0.154688 0.337963
1 0.297656 0.537500 0.077604 0.199074
1 0.434896 0.382870 0.075000 0.113889
1 0.496615 0.304167 0.097396 0.086111
1 0.798177 0.259722 0.124479 0.095370
1 0.453906 0.205093 0.029687 0.056481
1 0.419271 0.163426 0.035417 0.065741
2 0.470313 0.083796 0.016667 0.037963
