0 0.188542 0.599537 0.040625 0.160185
0 0.286979 0.420833 0.027083 0.100926
0 0.343750 0.382870 0.017708 0.089815
0 0.173177 0.471296 0.070312 0.079630
0 0.272656 0.339352 0.047396 0.062037
0 0.504948 0.554167 0.032813 0.126852
0 0.508854 0.745833 0.039583 0.193519
0 0.531250 0.956944 0.056250 0.086111
0 0.825781 0.897685 0.049479 0.200926
0 0.625000 0.457407 0.018750 0.092593
0 0.672396 0.466667 0.031250 0.107407
0 0.636198 0.539352 0.029687 0.136111
0 0.651302 0.635648 0.028646 0.147222
0 0.709896 0.538889 0.031250 0.114815
0 0.714323 0.679167 0.049479 0.167593
0 0.711979 0.814815 0.051042 0.192593
0 0.769010 0.779630 0.040104 0.170370
0 0.878646 0.747222 0.041667 0.159259
0 0.891927 0.612037 0.049479 0.116667
0 0.847917 0.523611 0.029167 0.132407
0 0.797135 0.657407 0.039062 0.105556
0 0.821094 0.732870 0.059896 0.117593
0 0.741406 0.536111 0.023438 0.118519
0 0.767969 0.496296 0.033854 0.107407
0 0.788802 0.461574 0.023438 0.106481
0 0.814844 0.562037 0.039062 0.111111
0 0.584375 0.241667 0.026042 0.068519
1 0.573177 0.528704 0.100521 0.177778
1 0.607292 0.786574 0.146875 0.315741
1 0.264844 0.652778 0.099479 0.244444
1 0.416146 0.400926 0.071875 0.142593
1 0.481771 0.317130 0.087500 0.108333
1 0.453906 0.205093 0.029687 0.052778
1 0.417969 0.168056 0.030729 0.086111
1 0.732552 0.267593 0.119271 0.079630
2 0.469792 0.086574 0.019792 0.049074
