0 0.092188 0.802315 0.063542 0.210185
0 0.268750 0.469444 0.039583 0.111111
0 0.325260 0.437500 0.024479 0.128704
0 0.169792 0.471759 0.068750 0.080556
0 0.284115 0.395370 0.032813 0.074074
0 0.336198 0.353241 0.018229 0.071296
0 0.271875 0.337963 0.050000 0.064815
0 0.349740 0.294907 0.024479 0.084259
0 0.388802 0.275000 0.020313 0.075926
0 0.504427 0.508796 0.033854 0.119444
0 0.569531 0.216204 0.016146 0.069444
0 0.621094 0.456944 0.024479 0.100926
0 0.670573 0.456019 0.028646 0.112037
0 0.653385 0.511574 0.017188 0.097222
0 0.636198 0.536111 0.024479 0.092593
0 0.650260 0.611574 0.029687 0.136111
0 0.693229 0.571296 0.039583 0.096296
0 0.707031 0.531481 0.034896 0.111111
0 0.742708 0.536111 0.026042 0.127778
0 0.836458 0.505556 0.028125 0.101852
0 0.791146 0.545370 0.043750 0.105556
0 0.786458 0.595833 0.043750 0.108333
0 0.875781 0.587037 0.044271 0.124074
0 0.793490 0.648611 0.047396 0.075000
0 0.812760 0.721759 0.051562 0.141667
0 0.708333 0.659722 0.047917 0.137963
0 0.701823 0.782870 0.047396 0.156481
0 0.762240 0.780556 0.049479 0.175926
0 0.829167 0.898148 0.064583 0.203704
0 0.867969 0.725463 0.040104 0.165741
0 0.954688 0.765278 0.090625 0.191667
1 0.218490 0.835185 0.161979 0.329630
1 0.570052 0.528241 0.098437 0.186111
1 0.607812 0.782407 0.154167 0.329630
1 0.399740 0.422685 0.078646 0.136111
1 0.461719 0.330093 0.085938 0.126852
1 0.671615 0.275926 0.100521 0.100000
1 0.451823 0.206944 0.030729 0.050926
1 0.416927 0.166667 0.033854 0.062963
2 0.470313 0.086111 0.021875 0.048148
