0 0.243750 0.518981 0.044792 0.136111
0 0.295312 0.515741 0.030208 0.142593
0 0.498698 0.476852 0.031771 0.111111
0 0.509635 0.597222 0.038021 0.131481
0 0.511458 0.781944 0.035417 0.173148
0 0.624740 0.449537 0.021354 0.104630
0 0.675000 0.465278 0.028125 0.113889
0 0.634635 0.528704 0.030729 0.112963
0 0.652344 0.613889 0.025521 0.133333
0 0.696875 0.761111 0.052083 0.172222
0 0.720573 0.469444 0.023438 0.088889
0 0.708594 0.537963 0.031771 0.120370
0 0.697917 0.577315 0.048958 0.113889
0 0.744010 0.546759 0.028646 0.115741
0 0.767969 0.787037 0.051562 0.179630
0 0.820573 0.904167 0.064062 0.191667
0 0.868490 0.723611 0.053646 0.158333
0 0.927604 0.726389 0.068750 0.169444
0 0.784375 0.581019 0.025000 0.084259
0 0.805208 0.666204 0.052083 0.112037
0 0.784635 0.698148 0.073438 0.133333
0 0.866406 0.575463 0.045312 0.132407
0 0.814323 0.540741 0.032813 0.125926
0 0.826302 0.481944 0.028646 0.100926
0 0.267448 0.434259 0.026562 0.075926
0 0.178646 0.473148 0.070833 0.050000
0 0.273958 0.342130 0.043750 0.056481
0 0.319271 0.392130 0.026042 0.087963
0 0.385417 0.300000 0.017708 0.074074
0 0.330208 0.325463 0.018750 0.075000
0 0.368229 0.262037 0.021875 0.066667
0 0.562240 0.200000 0.025521 0.046296
1 0.380729 0.443056 0.083333 0.149074
1 0.610156 0.782407 0.153646 0.322222
1 0.571875 0.526852 0.094792 0.211111
1 0.451823 0.343519 0.069271 0.122222
1 0.623437 0.288426 0.109375 0.076852
1 0.453125 0.203241 0.026042 0.060185
1 0.414844 0.166667 0.036979 0.072222
2 0.470052 0.087963 0.025521 0.044444
