0 0.264583 0.657407 0.044792 0.175926
0 0.210156 0.597222 0.049479 0.174074
0 0.245573 0.496296 0.039062 0.124074
0 0.299740 0.437963 0.017188 0.096296
0 0.378125 0.329630 0.025000 0.081481
0 0.312240 0.344444 0.021354 0.077778
0 0.363802 0.277778 0.017188 0.081481
0 0.395313 0.260185 0.014583 0.061111
0 0.271875 0.342593 0.045833 0.061111
0 0.170573 0.471296 0.073438 0.077778
0 0.556510 0.191204 0.023438 0.052778
0 0.501302 0.454630 0.029687 0.096296
0 0.509115 0.544444 0.030729 0.120370
0 0.508594 0.679630 0.031771 0.175926
0 0.618490 0.449537 0.024479 0.102778
0 0.673177 0.466204 0.018229 0.115741
0 0.632292 0.522222 0.032292 0.114815
0 0.651042 0.598611 0.028125 0.134259
0 0.715104 0.462500 0.035417 0.087963
0 0.709375 0.529630 0.027083 0.098148
0 0.739583 0.541204 0.023958 0.130556
0 0.683594 0.735648 0.040104 0.175000
0 0.716146 0.666204 0.050000 0.158333
0 0.764583 0.666204 0.050000 0.152778
0 0.764844 0.767593 0.046354 0.177778
0 0.800781 0.664352 0.047396 0.165741
0 0.871875 0.716667 0.043750 0.157407
0 0.823698 0.890278 0.059896 0.219444
0 0.971354 0.841204 0.057292 0.187963
0 0.908073 0.674074 0.045312 0.161111
0 0.860156 0.553241 0.043229 0.136111
0 0.814063 0.535648 0.030208 0.110185
1 0.444010 0.362037 0.073438 0.138889
1 0.360156 0.471759 0.091146 0.147222
1 0.571875 0.529630 0.097917 0.198148
1 0.608073 0.783333 0.153646 0.316667
1 0.568750 0.292130 0.109375 0.091667
1 0.451823 0.206019 0.026562 0.054630
1 0.416406 0.173148 0.031771 0.075926
2 0.470833 0.093056 0.026042 0.045370
0 0.870573 0.258333 0.041146 0.068519
