0 0.166667 0.688426 0.057292 0.180556
0 0.221094 0.900463 0.051562 0.199074
0 0.209375 0.566667 0.056250 0.146296
0 0.271354 0.472685 0.039583 0.141667
0 0.505469 0.622222 0.052604 0.146296
0 0.500521 0.439815 0.029167 0.085185
0 0.503646 0.504630 0.036458 0.112963
0 0.374219 0.354167 0.032813 0.080556
0 0.362500 0.289815 0.022917 0.074074
0 0.390104 0.272685 0.025000 0.071296
0 0.621875 0.455556 0.025000 0.124074
0 0.551042 0.175463 0.017708 0.041667
0 0.674219 0.464815 0.026562 0.125926
0 0.643490 0.606944 0.026562 0.136111
0 0.683073 0.728241 0.054688 0.180556
0 0.714844 0.670370 0.047396 0.159259
0 0.693229 0.561111 0.048958 0.109259
0 0.713542 0.530556 0.022917 0.112963
0 0.719271 0.466204 0.030208 0.086111
0 0.739062 0.544444 0.032292 0.124074
0 0.770833 0.788426 0.048958 0.187963
0 0.825781 0.898611 0.073438 0.202778
0 0.955729 0.799537 0.058333 0.213889
0 0.864844 0.729630 0.052604 0.150000
0 0.803125 0.683333 0.051042 0.142593
0 0.889062 0.640278 0.048958 0.108333
0 0.854948 0.550463 0.038021 0.099074
0 0.816927 0.536111 0.023438 0.120370
0 0.175521 0.477315 0.069792 0.086111
1 0.523438 0.304630 0.093750 0.120370
1 0.570833 0.528704 0.098958 0.205556
1 0.609375 0.779630 0.155208 0.324074
1 0.334115 0.504630 0.081771 0.166667
1 0.433594 0.385648 0.071354 0.147222
1 0.450781 0.202778 0.032813 0.057407
1 0.414062 0.174074 0.040625 0.068519
2 0.470052 0.095833 0.025521 0.052778
