0 0.110677 0.812500 0.059896 0.236111
0 0.163281 0.655093 0.051562 0.167593
0 0.235677 0.550000 0.030729 0.155556
0 0.275781 0.419907 0.034896 0.128704
0 0.352865 0.393519 0.019271 0.090741
0 0.360417 0.318519 0.021875 0.087037
0 0.376563 0.287500 0.026042 0.084259
0 0.504687 0.594907 0.027083 0.132407
0 0.492708 0.426852 0.017708 0.092593
0 0.508854 0.487963 0.028125 0.112963
0 0.624219 0.452315 0.031771 0.110185
0 0.672135 0.462963 0.034896 0.122222
0 0.634896 0.531944 0.022917 0.106481
0 0.648177 0.595833 0.026562 0.130556
0 0.680469 0.715278 0.045312 0.178704
0 0.707812 0.521296 0.023958 0.105556
0 0.718229 0.458796 0.033333 0.084259
0 0.740625 0.536111 0.025000 0.100000
0 0.707552 0.658333 0.050521 0.166667
0 0.747656 0.638889 0.034896 0.157407
0 0.810677 0.525463 0.027604 0.119444
0 0.773438 0.516204 0.036458 0.095370
0 0.787760 0.583333 0.034896 0.112963
0 0.797917 0.670370 0.056250 0.140741
0 0.761979 0.774537 0.054167 0.182407
0 0.824479 0.900463 0.067708 0.199074
0 0.834896 0.774537 0.053125 0.156481
0 0.864062 0.722222 0.054167 0.168519
0 0.933594 0.745370 0.061979 0.181481
0 0.177083 0.474074 0.064583 0.088889
0 0.271615 0.337500 0.053646 0.060185
1 0.316927 0.543981 0.116146 0.169444
1 0.430729 0.408333 0.066667 0.157407
1 0.486198 0.315741 0.091146 0.096296
1 0.571615 0.514352 0.101562 0.186111
1 0.607552 0.776852 0.153646 0.318519
1 0.452604 0.202315 0.033333 0.062037
1 0.415625 0.172685 0.033333 0.073148
2 0.470573 0.095833 0.025521 0.054630
