0 0.099740 0.792593 0.070312 0.209259
0 0.188542 0.639815 0.053125 0.174074
0 0.041927 0.930556 0.074479 0.138889
0 0.247396 0.467130 0.037500 0.121296
0 0.325260 0.423611 0.027604 0.117593
0 0.348698 0.351389 0.024479 0.086111
0 0.373177 0.314352 0.026562 0.073148
0 0.388802 0.249537 0.029687 0.067593
0 0.493229 0.425463 0.023958 0.084259
0 0.505469 0.466667 0.026562 0.094444
0 0.505469 0.548611 0.030729 0.128704
0 0.621875 0.437963 0.020833 0.112963
0 0.645833 0.601852 0.032292 0.124074
0 0.635156 0.531944 0.031771 0.112037
0 0.678906 0.709259 0.049479 0.168519
0 0.708594 0.668519 0.043229 0.164815
0 0.673698 0.468519 0.026562 0.133333
0 0.844792 0.582870 0.058333 0.141667
0 0.867188 0.725000 0.046875 0.166667
0 0.916146 0.712500 0.035417 0.178704
0 0.826823 0.896296 0.084896 0.207407
0 0.762500 0.772222 0.051042 0.185185
0 0.822656 0.762037 0.051562 0.148148
0 0.700521 0.250000 0.039583 0.075926
1 0.292708 0.585648 0.120833 0.217593
1 0.418229 0.429630 0.067708 0.185185
1 0.454948 0.322222 0.085938 0.112963
1 0.567708 0.501852 0.102083 0.200000
1 0.611198 0.764352 0.142187 0.306481
1 0.414844 0.169907 0.031771 0.082407
1 0.452344 0.204630 0.027604 0.055556
2 0.468490 0.092130 0.025521 0.056481
