0 0.121615 0.781019 0.066146 0.228704
0 0.217188 0.529167 0.045833 0.123148
0 0.307031 0.472222 0.039062 0.125926
0 0.333854 0.393056 0.038542 0.091667
0 0.357031 0.333796 0.025521 0.100926
0 0.385156 0.278704 0.029687 0.075926
0 0.618229 0.411111 0.029167 0.105556
0 0.669271 0.440278 0.048958 0.100926
0 0.716667 0.396759 0.034375 0.084259
0 0.633854 0.525000 0.022917 0.122222
0 0.685417 0.565278 0.035417 0.110185
0 0.646615 0.608796 0.023438 0.150926
0 0.676823 0.706481 0.035937 0.137037
0 0.705729 0.661111 0.043750 0.146296
0 0.734635 0.616667 0.039062 0.150000
0 0.772396 0.512037 0.025000 0.088889
0 0.798958 0.490278 0.020833 0.102778
0 0.841927 0.504167 0.045312 0.080556
0 0.844010 0.576852 0.045312 0.125926
0 0.892448 0.654630 0.044271 0.135185
0 0.864062 0.722685 0.050000 0.173148
0 0.762240 0.779630 0.052604 0.183333
0 0.825781 0.880093 0.054688 0.189815
0 0.790885 0.646296 0.051562 0.122222
0 0.494010 0.421296 0.020313 0.101852
0 0.503385 0.456944 0.031771 0.076852
0 0.503385 0.525000 0.034896 0.107407
0 0.172917 0.470370 0.068750 0.079630
1 0.256250 0.651852 0.119792 0.255556
1 0.413542 0.469444 0.067708 0.192593
1 0.431510 0.337037 0.084896 0.114815
1 0.565104 0.493519 0.096875 0.220370
1 0.603125 0.756019 0.150000 0.319444
1 0.453125 0.195833 0.033333 0.060185
1 0.413021 0.168981 0.035417 0.080556
0 0.649479 0.243519 0.047917 0.061111
2 0.469271 0.102778 0.029167 0.059259
