0 0.157292 0.707870 0.075000 0.212037
0 0.134375 0.922222 0.087500 0.155556
0 0.307552 0.671759 0.041146 0.193519
0 0.256250 0.883796 0.077083 0.232407
0 0.288542 0.424537 0.036458 0.130556
0 0.170313 0.479630 0.076042 0.077778
0 0.274740 0.342593 0.052604 0.051852
0 0.347135 0.419444 0.031771 0.131481
0 0.351302 0.337963 0.033854 0.090741
0 0.384635 0.300000 0.018229 0.075926
0 0.679688 0.380093 0.041667 0.091667
0 0.649219 0.247685 0.043229 0.060185
0 0.622396 0.465278 0.031250 0.117593
0 0.719792 0.306481 0.042708 0.057407
0 0.639844 0.555093 0.032813 0.132407
0 0.690625 0.590278 0.044792 0.152778
0 0.674219 0.463426 0.035937 0.121296
0 0.721354 0.467593 0.034375 0.125926
0 0.765885 0.502315 0.044271 0.123148
0 0.708854 0.538426 0.033333 0.112037
0 0.745313 0.638889 0.039583 0.172222
0 0.785937 0.612037 0.042708 0.175926
0 0.832292 0.607407 0.036458 0.174074
0 0.782031 0.818519 0.095312 0.216667
0 0.913281 0.887500 0.091146 0.225000
0 0.875260 0.671759 0.050521 0.189815
0 0.943750 0.728704 0.055208 0.194444
0 0.501302 0.225463 0.017188 0.067593
1 0.522917 0.278241 0.088542 0.104630
1 0.605729 0.287500 0.079167 0.099074
1 0.745313 0.260648 0.116667 0.089815
1 0.432812 0.147685 0.025000 0.080556
1 0.450781 0.205093 0.032813 0.056481
2 0.473958 0.070370 0.019792 0.044444
