0 0.041146 0.932870 0.056250 0.134259
0 0.168750 0.599537 0.047917 0.160185
0 0.285417 0.527778 0.039583 0.124074
0 0.309896 0.421759 0.033333 0.093519
0 0.335156 0.362963 0.031771 0.109259
0 0.370573 0.308796 0.026562 0.099074
0 0.177865 0.466667 0.075521 0.090741
0 0.273177 0.339352 0.056771 0.063889
0 0.484635 0.428241 0.027604 0.097222
0 0.503906 0.453241 0.030729 0.067593
0 0.503125 0.524074 0.028125 0.122222
0 0.611458 0.393981 0.025000 0.104630
0 0.628385 0.235185 0.038021 0.068519
0 0.655208 0.431019 0.031250 0.112037
0 0.690104 0.387500 0.039583 0.097222
0 0.634635 0.510648 0.018229 0.112037
0 0.645573 0.585185 0.025521 0.112963
0 0.676823 0.701852 0.041146 0.164815
0 0.702865 0.634722 0.035937 0.163889
0 0.733594 0.621296 0.029687 0.148148
0 0.757812 0.768519 0.053125 0.188889
0 0.826042 0.890741 0.068750 0.218519
0 0.865885 0.717593 0.054688 0.177778
0 0.834115 0.564352 0.033854 0.100926
0 0.791146 0.628704 0.051042 0.109259
0 0.770312 0.515278 0.037500 0.102778
0 0.785156 0.456019 0.029687 0.102778
0 0.744531 0.411574 0.025521 0.078704
0 0.701823 0.464352 0.035937 0.089815
0 0.704688 0.523611 0.036458 0.125000
1 0.209635 0.749074 0.108854 0.292593
1 0.407292 0.512500 0.075000 0.191667
1 0.416667 0.369907 0.073958 0.132407
1 0.560937 0.477778 0.094792 0.175926
1 0.598437 0.741204 0.143750 0.319444
1 0.451562 0.199074 0.029167 0.050000
1 0.414844 0.172685 0.028646 0.078704
2 0.469271 0.100000 0.023958 0.046296
