0 0.128646 0.676389 0.053125 0.156481
0 0.262760 0.578241 0.035937 0.175000
0 0.286198 0.482407 0.029687 0.142593
0 0.316146 0.401389 0.035417 0.100926
0 0.351823 0.331481 0.017188 0.090741
0 0.480469 0.428241 0.030729 0.106481
0 0.507812 0.447685 0.023958 0.075000
0 0.505208 0.532870 0.029167 0.134259
0 0.597135 0.359259 0.024479 0.083333
0 0.665104 0.365278 0.021875 0.087963
0 0.648698 0.407870 0.026562 0.095370
0 0.635417 0.434722 0.029167 0.100926
0 0.628906 0.503241 0.030729 0.093519
0 0.637760 0.581944 0.027604 0.117593
0 0.678906 0.708796 0.036979 0.149074
0 0.682552 0.459259 0.028646 0.096296
0 0.707031 0.430556 0.025521 0.090741
0 0.735156 0.399537 0.026562 0.095370
0 0.706510 0.529630 0.027604 0.111111
0 0.676562 0.550926 0.027083 0.090741
0 0.751563 0.752778 0.038542 0.150000
0 0.821615 0.898611 0.076563 0.202778
0 0.949219 0.920833 0.101562 0.158333
0 0.965104 0.780556 0.069792 0.185185
0 0.873698 0.729630 0.056771 0.146296
0 0.857292 0.606944 0.057292 0.102778
0 0.773698 0.577778 0.036979 0.101852
0 0.732031 0.606944 0.044271 0.147222
0 0.803906 0.491667 0.031771 0.103704
0 0.759375 0.513889 0.043750 0.109259
0 0.730208 0.508333 0.037500 0.120370
0 0.822656 0.542593 0.038021 0.112963
0 0.601042 0.233333 0.036458 0.068519
0 0.171354 0.468519 0.076042 0.081481
0 0.272917 0.338426 0.047917 0.056481
1 0.391406 0.592130 0.091146 0.256481
1 0.406250 0.400463 0.073958 0.117593
1 0.565104 0.469444 0.083333 0.144444
1 0.601042 0.737500 0.140625 0.295370
1 0.152865 0.840278 0.158854 0.319444
1 0.853646 0.266204 0.096875 0.065741
1 0.452865 0.205556 0.029687 0.055556
1 0.414323 0.177778 0.038021 0.083333
2 0.469271 0.106481 0.033333 0.057407
