0 0.096354 0.756019 0.087500 0.126852
0 0.241406 0.667130 0.058854 0.200926
0 0.258854 0.529167 0.037500 0.154630
0 0.297917 0.442130 0.035417 0.130556
0 0.331771 0.375926 0.022917 0.116667
0 0.508073 0.518981 0.031771 0.134259
0 0.474740 0.416204 0.035937 0.104630
0 0.508073 0.431019 0.025521 0.084259
0 0.587240 0.326389 0.032813 0.091667
0 0.416667 0.253704 0.018750 0.057407
0 0.379167 0.248611 0.015625 0.062037
0 0.403385 0.229630 0.015104 0.068519
0 0.578385 0.227315 0.028646 0.054630
0 0.636719 0.378704 0.019271 0.098148
0 0.626823 0.411574 0.027604 0.082407
0 0.661719 0.420370 0.026562 0.103704
0 0.687240 0.409259 0.027604 0.100000
0 0.703646 0.371759 0.027083 0.082407
0 0.622135 0.487500 0.022396 0.102778
0 0.634896 0.551852 0.028125 0.135185
0 0.670052 0.525926 0.032813 0.107407
0 0.696615 0.504167 0.038021 0.113889
0 0.715625 0.479167 0.032292 0.104630
0 0.741927 0.483333 0.032813 0.124074
0 0.777865 0.456944 0.041146 0.097222
0 0.804688 0.526389 0.045833 0.117593
0 0.765625 0.559259 0.042708 0.114815
0 0.726042 0.593519 0.035417 0.122222
0 0.687240 0.589352 0.048438 0.117593
0 0.673958 0.691204 0.050000 0.176852
0 0.740365 0.712037 0.046354 0.177778
0 0.810677 0.848611 0.058854 0.197222
0 0.911198 0.888889 0.081771 0.214815
0 0.862240 0.718519 0.056771 0.168519
0 0.942187 0.728241 0.070833 0.187963
0 0.842969 0.588426 0.057813 0.137963
1 0.102344 0.892593 0.198437 0.214815
1 0.369010 0.682870 0.135937 0.337963
1 0.397135 0.434722 0.083854 0.175000
1 0.596094 0.709722 0.140104 0.295370
1 0.560417 0.442593 0.092708 0.161111
1 0.810937 0.264352 0.102083 0.082407
1 0.413542 0.175000 0.041667 0.085185
1 0.451302 0.205093 0.030729 0.062037
2 0.468490 0.103241 0.030729 0.054630
0 0.174479 0.465278 0.064583 0.091667
0 0.275000 0.337963 0.052083 0.051852
