0 0.206510 0.782870 0.055729 0.223148
0 0.052083 0.853704 0.085417 0.162963
0 0.239063 0.606944 0.047917 0.167593
0 0.268750 0.491667 0.042708 0.129630
0 0.309635 0.433333 0.034896 0.138889
0 0.464323 0.424537 0.042188 0.130556
0 0.500000 0.433333 0.017708 0.096296
0 0.512760 0.498148 0.026562 0.124074
0 0.573438 0.303241 0.028125 0.063889
0 0.414583 0.274537 0.017708 0.058333
0 0.373698 0.272222 0.020313 0.064815
0 0.564583 0.220370 0.018750 0.053704
0 0.617448 0.305556 0.026562 0.066667
0 0.619531 0.390278 0.025521 0.084259
0 0.642708 0.394444 0.021875 0.096296
0 0.665625 0.385648 0.018750 0.100926
0 0.620573 0.519907 0.024479 0.110185
0 0.748958 0.536111 0.033333 0.100000
0 0.787240 0.509259 0.038021 0.105556
0 0.772135 0.609259 0.048438 0.105556
0 0.828906 0.585648 0.039062 0.136111
0 0.677344 0.576852 0.036979 0.105556
0 0.679427 0.687037 0.042188 0.159259
0 0.733333 0.677778 0.044792 0.164815
0 0.798438 0.821296 0.051042 0.192593
0 0.887500 0.845833 0.068750 0.199074
0 0.858854 0.680556 0.045833 0.131481
0 0.916927 0.668519 0.052604 0.144444
0 0.173698 0.473611 0.071354 0.071296
0 0.272917 0.341667 0.046875 0.051852
1 0.336719 0.811574 0.169271 0.376852
1 0.591927 0.677315 0.122396 0.249074
1 0.554688 0.416204 0.079167 0.145370
1 0.386458 0.483796 0.103125 0.195370
1 0.411979 0.184722 0.040625 0.086111
1 0.452604 0.206944 0.032292 0.060185
1 0.780469 0.266667 0.098437 0.077778
2 0.465885 0.106944 0.025521 0.060185
