0 0.163021 0.901389 0.068750 0.197222
0 0.215885 0.706019 0.043229 0.191667
0 0.237500 0.550463 0.047917 0.147222
0 0.287500 0.491204 0.038542 0.137963
0 0.439583 0.419907 0.053125 0.113889
0 0.407552 0.292130 0.019271 0.067593
0 0.363021 0.290741 0.019792 0.070370
0 0.557813 0.278241 0.026042 0.071296
0 0.513802 0.476852 0.024479 0.116667
0 0.597135 0.281481 0.017188 0.081481
0 0.610677 0.484259 0.023438 0.109259
0 0.675260 0.668519 0.039062 0.161111
0 0.715625 0.645833 0.037500 0.150926
0 0.727604 0.497222 0.029167 0.109259
0 0.760938 0.476852 0.035417 0.118519
0 0.694010 0.433796 0.029687 0.097222
0 0.755208 0.581481 0.035417 0.133333
0 0.808854 0.541204 0.039583 0.126852
0 0.889062 0.627778 0.042708 0.161111
0 0.839323 0.648611 0.056771 0.137963
0 0.780469 0.769907 0.059896 0.191667
0 0.862240 0.793519 0.071354 0.185185
0 0.895312 0.942593 0.088542 0.114815
0 0.971615 0.936111 0.056771 0.127778
0 0.174219 0.471296 0.066146 0.081481
0 0.275260 0.340741 0.051562 0.055556
0 0.560937 0.206019 0.018750 0.052778
1 0.449740 0.202778 0.032813 0.066667
1 0.411198 0.182870 0.041146 0.084259
1 0.368229 0.528704 0.104167 0.218519
1 0.308594 0.908333 0.179688 0.183333
1 0.587240 0.649537 0.122396 0.237963
1 0.550000 0.386111 0.081250 0.120370
1 0.753385 0.263426 0.102604 0.091667
2 0.465885 0.099074 0.026562 0.050000
