0 0.195312 0.859722 0.063542 0.226852
0 0.209635 0.644444 0.059896 0.164815
0 0.262760 0.583333 0.042188 0.151852
0 0.408854 0.431944 0.064583 0.087963
0 0.169531 0.468519 0.069271 0.077778
0 0.275260 0.341667 0.048438 0.057407
0 0.476042 0.427778 0.041667 0.105556
0 0.513021 0.461574 0.026042 0.117593
0 0.669531 0.648611 0.031771 0.137963
0 0.706510 0.612037 0.033854 0.142593
0 0.754167 0.725463 0.052083 0.154630
0 0.839844 0.736111 0.057813 0.150000
0 0.852344 0.899074 0.085938 0.201852
0 0.930469 0.915741 0.061979 0.168519
0 0.871615 0.591667 0.043229 0.138889
0 0.811979 0.612037 0.057292 0.118519
0 0.786458 0.517130 0.034375 0.106481
0 0.739583 0.560185 0.047917 0.142593
0 0.736458 0.449537 0.035417 0.097222
0 0.592187 0.451852 0.028125 0.101852
0 0.673958 0.413426 0.027083 0.091667
0 0.702604 0.457870 0.027083 0.104630
0 0.641667 0.323148 0.018750 0.077778
0 0.552604 0.260185 0.019792 0.055556
0 0.389583 0.322685 0.018750 0.067593
0 0.350260 0.314352 0.025521 0.071296
0 0.417969 0.244444 0.016146 0.055556
1 0.352344 0.600000 0.115104 0.251852
1 0.582031 0.615278 0.111979 0.223148
1 0.543229 0.362037 0.075000 0.114815
1 0.740885 0.269907 0.111979 0.076852
1 0.451302 0.208333 0.039062 0.066667
1 0.408333 0.188889 0.042708 0.090741
2 0.464844 0.106019 0.029687 0.060185
