0 0.176563 0.739815 0.054167 0.196296
0 0.232813 0.689815 0.043750 0.200000
0 0.362240 0.437963 0.064062 0.114815
0 0.462500 0.426852 0.043750 0.107407
0 0.506250 0.448148 0.036458 0.109259
0 0.566667 0.413889 0.026042 0.081481
0 0.630469 0.475463 0.027604 0.089815
0 0.662500 0.631481 0.036458 0.146296
0 0.710417 0.407870 0.028125 0.097222
0 0.719271 0.514352 0.039583 0.119444
0 0.694531 0.578241 0.028646 0.125000
0 0.584635 0.380556 0.028646 0.094444
0 0.737500 0.678241 0.042708 0.160185
0 0.777604 0.568056 0.038542 0.123148
0 0.838802 0.545370 0.047396 0.129630
0 0.813542 0.685648 0.055208 0.136111
0 0.791927 0.807407 0.075521 0.209259
0 0.896094 0.885185 0.082812 0.229630
0 0.919271 0.775926 0.075000 0.216667
0 0.373958 0.348611 0.028125 0.082407
0 0.335417 0.344444 0.020833 0.077778
0 0.415365 0.253704 0.027604 0.074074
0 0.547917 0.242130 0.018750 0.060185
1 0.334375 0.715741 0.142708 0.316667
1 0.576823 0.575463 0.098437 0.206481
1 0.534115 0.327778 0.063021 0.112963
1 0.732292 0.264352 0.112500 0.069444
1 0.452083 0.217130 0.031250 0.063889
1 0.405208 0.194907 0.046875 0.093519
2 0.464583 0.104167 0.027083 0.047222
0 0.171094 0.467130 0.067187 0.097222
0 0.272917 0.333333 0.051042 0.057407
