0 0.134635 0.861574 0.039062 0.232407
0 0.206771 0.785648 0.043750 0.154630
0 0.308073 0.476852 0.056771 0.101852
0 0.446094 0.432870 0.045312 0.102778
0 0.490104 0.445370 0.040625 0.105556
0 0.354427 0.380556 0.024479 0.083333
0 0.316667 0.375463 0.030208 0.071296
0 0.404948 0.274537 0.021354 0.060185
0 0.352865 0.316667 0.023438 0.068519
0 0.321094 0.319444 0.022396 0.061111
0 0.176302 0.475463 0.068229 0.071296
0 0.274479 0.338426 0.048958 0.043519
0 0.549219 0.382407 0.021354 0.085185
0 0.566146 0.360185 0.018750 0.079630
0 0.616406 0.449074 0.023438 0.096296
0 0.690885 0.389352 0.021354 0.086111
0 0.703385 0.489815 0.032813 0.114815
0 0.751823 0.514815 0.035937 0.109259
0 0.804688 0.503704 0.044792 0.109259
0 0.800781 0.645370 0.052604 0.153704
0 0.660417 0.601389 0.030208 0.125000
0 0.693490 0.562963 0.026562 0.129630
0 0.721354 0.627315 0.036458 0.130556
0 0.747135 0.760185 0.069271 0.198148
0 0.860938 0.825463 0.069792 0.213889
0 0.869792 0.699537 0.070833 0.176852
0 0.935677 0.700926 0.061979 0.192593
0 0.661198 0.340741 0.019271 0.077778
0 0.591667 0.288426 0.016667 0.067593
0 0.610938 0.277315 0.014583 0.063889
0 0.580990 0.318519 0.014063 0.070370
1 0.307552 0.826389 0.172396 0.347222
1 0.575781 0.539815 0.098437 0.175926
1 0.533594 0.310648 0.067187 0.106481
1 0.735156 0.264815 0.094271 0.064815
1 0.402604 0.205093 0.037500 0.087963
1 0.451042 0.229630 0.028125 0.068519
1 0.461198 0.181019 0.029687 0.052778
2 0.462500 0.104630 0.029167 0.061111
