0 0.179167 0.886574 0.059375 0.226852
0 0.090365 0.937963 0.072396 0.124074
0 0.264844 0.515278 0.049479 0.143519
0 0.170833 0.465741 0.061458 0.079630
0 0.272135 0.330093 0.040104 0.052778
0 0.296354 0.425926 0.022917 0.105556
0 0.340625 0.427315 0.020833 0.093519
0 0.336979 0.340278 0.022917 0.076852
0 0.396354 0.281944 0.022917 0.073148
0 0.429948 0.429630 0.047396 0.109259
0 0.480469 0.426852 0.044271 0.107407
0 0.652083 0.579630 0.032292 0.138889
0 0.710677 0.697222 0.061979 0.155556
0 0.815885 0.748611 0.048438 0.149074
0 0.830469 0.940278 0.078646 0.119444
0 0.964583 0.874074 0.070833 0.214815
0 0.886719 0.630093 0.044271 0.160185
0 0.839323 0.648611 0.054688 0.167593
0 0.779687 0.584722 0.042708 0.147222
0 0.779948 0.463889 0.040104 0.092593
0 0.690625 0.448148 0.032292 0.101852
0 0.728125 0.468981 0.030208 0.086111
0 0.678125 0.521296 0.033333 0.114815
0 0.536458 0.354630 0.020833 0.085185
0 0.555990 0.332407 0.017188 0.077778
0 0.668490 0.351852 0.027604 0.068519
0 0.606250 0.410648 0.023958 0.091667
0 0.643229 0.403241 0.030208 0.087963
0 0.598698 0.256019 0.011979 0.062037
0 0.573698 0.290278 0.015104 0.069444
1 0.569010 0.506019 0.090104 0.158333
1 0.298177 0.902315 0.164062 0.195370
1 0.669010 0.961111 0.172396 0.077778
1 0.735938 0.262500 0.097917 0.069444
1 0.450521 0.234259 0.034375 0.072222
1 0.459896 0.186111 0.032292 0.059259
1 0.398698 0.213889 0.040104 0.111111
2 0.463542 0.104167 0.034375 0.054630
