0 0.217708 0.582407 0.048958 0.153704
0 0.327865 0.491667 0.030729 0.114815
0 0.276823 0.475000 0.034896 0.114815
0 0.409375 0.439815 0.052083 0.116667
0 0.471354 0.431944 0.043750 0.110185
0 0.321354 0.394444 0.026042 0.098148
0 0.288281 0.391204 0.029687 0.078704
0 0.384115 0.309722 0.029687 0.084259
0 0.521094 0.325000 0.018229 0.074074
0 0.543750 0.310648 0.021875 0.065741
0 0.594792 0.395370 0.017708 0.081481
0 0.653906 0.331481 0.022396 0.072222
0 0.631771 0.291667 0.015625 0.061111
0 0.624479 0.370370 0.022917 0.070370
0 0.625521 0.450000 0.029167 0.111111
0 0.645052 0.537500 0.028646 0.121296
0 0.670312 0.494907 0.028125 0.113889
0 0.709115 0.571759 0.028646 0.125000
0 0.679948 0.638889 0.041146 0.150000
0 0.784635 0.672685 0.047396 0.154630
0 0.762760 0.534722 0.031771 0.104630
0 0.838281 0.562963 0.040104 0.146296
0 0.901042 0.748148 0.063542 0.205556
0 0.782552 0.842130 0.071354 0.202778
1 0.660156 0.894907 0.205729 0.210185
1 0.396354 0.216204 0.044792 0.102778
1 0.447917 0.248611 0.036458 0.075000
1 0.460156 0.193056 0.030729 0.060185
1 0.735417 0.265741 0.101042 0.059259
2 0.465365 0.106481 0.031771 0.057407
1 0.527865 0.267593 0.052604 0.079630
