0 0.075260 0.876852 0.076563 0.246296
0 0.244010 0.866667 0.067187 0.266667
0 0.331510 0.506481 0.047396 0.151852
0 0.255208 0.500463 0.054167 0.147222
0 0.173958 0.482407 0.066667 0.085185
0 0.333594 0.379630 0.034896 0.094444
0 0.375000 0.340741 0.029167 0.081481
0 0.619531 0.461111 0.045312 0.135185
0 0.640365 0.549074 0.042188 0.144444
0 0.651302 0.512037 0.036979 0.131481
0 0.678646 0.476852 0.027083 0.125926
0 0.690104 0.577778 0.044792 0.153704
0 0.722396 0.469444 0.032292 0.125926
0 0.710156 0.540741 0.035937 0.116667
0 0.687240 0.383796 0.047396 0.108333
0 0.664844 0.308333 0.053646 0.074074
0 0.765104 0.500463 0.053125 0.136111
0 0.745573 0.602315 0.041146 0.154630
0 0.785417 0.612963 0.040625 0.162963
0 0.810417 0.581481 0.047917 0.177778
0 0.749219 0.756019 0.092188 0.210185
0 0.858073 0.785648 0.073438 0.223148
0 0.925260 0.704630 0.074479 0.175926
0 0.867448 0.625926 0.049479 0.188889
0 0.922656 0.919444 0.106771 0.161111
0 0.962760 0.828241 0.074479 0.239815
0 0.271875 0.337500 0.059375 0.065741
0 0.362760 0.279630 0.023438 0.061111
0 0.518490 0.213889 0.019271 0.055556
0 0.439844 0.232407 0.021354 0.062963
1 0.579167 0.526389 0.116667 0.215741
1 0.609115 0.782870 0.174479 0.334259
1 0.588021 0.298611 0.075000 0.097222
1 0.494271 0.289815 0.097917 0.094444
1 0.716667 0.272685 0.111458 0.080556
1 0.454167 0.209259 0.031250 0.062963
1 0.428646 0.151389 0.032292 0.078704
2 0.475000 0.074074 0.017708 0.037037
