0 0.169531 0.692593 0.050521 0.185185
0 0.314583 0.591204 0.040625 0.160185
0 0.387500 0.466667 0.036458 0.122222
0 0.444010 0.436574 0.054688 0.104630
0 0.255208 0.554167 0.034375 0.139815
0 0.300260 0.446296 0.030729 0.109259
0 0.260417 0.435185 0.026042 0.092593
0 0.363802 0.333333 0.029687 0.079630
0 0.509635 0.301852 0.015104 0.062963
0 0.534375 0.292593 0.020833 0.068519
0 0.622135 0.268519 0.015104 0.062963
0 0.640104 0.302778 0.019792 0.072222
0 0.585417 0.362500 0.019792 0.080556
0 0.608333 0.339815 0.014583 0.079630
0 0.617188 0.422222 0.029167 0.098148
0 0.632292 0.498148 0.022917 0.103704
0 0.653385 0.577778 0.038021 0.133333
0 0.751563 0.728704 0.046875 0.175926
0 0.856250 0.662963 0.063542 0.177778
0 0.797135 0.512963 0.046354 0.131481
0 0.760417 0.609259 0.053125 0.137037
0 0.696354 0.532870 0.033333 0.126852
0 0.955208 0.928241 0.089583 0.143519
1 0.447135 0.264815 0.039062 0.081481
1 0.391146 0.231019 0.048958 0.113889
1 0.457813 0.198148 0.032292 0.062963
1 0.529948 0.251852 0.045312 0.072222
1 0.560677 0.446759 0.077604 0.152778
1 0.649740 0.843981 0.190104 0.312037
1 0.736198 0.262963 0.094271 0.066667
2 0.462240 0.104630 0.027604 0.055556
