0 0.121875 0.846759 0.063542 0.262037
0 0.285156 0.743519 0.049479 0.198148
0 0.227604 0.669907 0.051042 0.173148
0 0.278385 0.519444 0.040104 0.151852
0 0.230208 0.497222 0.046875 0.142593
0 0.365104 0.493056 0.039583 0.156481
0 0.418490 0.454167 0.049479 0.121296
0 0.341667 0.369907 0.029167 0.104630
0 0.171094 0.463889 0.063021 0.090741
0 0.271354 0.333333 0.048958 0.059259
0 0.504948 0.274537 0.018229 0.069444
0 0.527865 0.276389 0.016146 0.071296
0 0.627865 0.539352 0.043229 0.141667
0 0.681250 0.488889 0.034375 0.122222
0 0.726302 0.653704 0.044271 0.174074
0 0.823958 0.592130 0.057292 0.143519
0 0.894271 0.849537 0.063542 0.199074
0 0.775000 0.474537 0.042708 0.123148
0 0.632031 0.277778 0.019271 0.064815
0 0.576562 0.337500 0.021875 0.087963
1 0.444271 0.279167 0.041667 0.091667
1 0.458073 0.204167 0.030729 0.065741
1 0.384115 0.247685 0.056771 0.115741
1 0.527344 0.240741 0.039062 0.075926
1 0.623437 0.764815 0.169792 0.324074
1 0.736198 0.263889 0.097396 0.070370
2 0.462240 0.108796 0.028646 0.056481
