0 0.221354 0.938426 0.059375 0.123148
0 0.180208 0.833796 0.051042 0.230556
0 0.244792 0.608333 0.038542 0.188889
0 0.200521 0.575000 0.051042 0.151852
0 0.355729 0.549537 0.045833 0.163889
0 0.412240 0.481944 0.038021 0.130556
0 0.318490 0.410185 0.034896 0.116667
0 0.793490 0.537500 0.055729 0.139815
0 0.836458 0.720833 0.066667 0.184259
0 0.897917 0.898148 0.084375 0.203704
0 0.838802 0.958796 0.060937 0.082407
0 0.706771 0.596296 0.035417 0.138889
0 0.606510 0.498148 0.031771 0.118519
0 0.664844 0.453241 0.026562 0.095370
0 0.754948 0.444444 0.031771 0.109259
0 0.569010 0.312500 0.018229 0.065741
0 0.500781 0.255556 0.014063 0.055556
0 0.526042 0.260185 0.017708 0.064815
0 0.622396 0.262963 0.015625 0.051852
1 0.601823 0.675000 0.141146 0.261111
1 0.441927 0.308796 0.044271 0.089815
1 0.550000 0.387963 0.067708 0.111111
1 0.527083 0.225463 0.040625 0.060185
1 0.734635 0.266204 0.103646 0.069444
1 0.373958 0.266667 0.054167 0.142593
1 0.457031 0.209722 0.028646 0.073148
1 0.412760 0.198148 0.027604 0.059259
2 0.462240 0.111574 0.024479 0.050926
