0 0.159896 0.687500 0.037500 0.176852
0 0.207292 0.733333 0.044792 0.203704
0 0.337500 0.639815 0.045833 0.181481
0 0.411719 0.542130 0.034896 0.137963
0 0.289323 0.471296 0.036979 0.140741
0 0.781250 0.868981 0.070833 0.210185
0 0.823438 0.758796 0.059375 0.176852
0 0.798177 0.624537 0.055729 0.126852
0 0.691406 0.544907 0.036979 0.126852
0 0.759115 0.487500 0.045312 0.119444
0 0.598958 0.445370 0.028125 0.103704
0 0.565885 0.293981 0.019271 0.065741
0 0.501042 0.234259 0.012500 0.050000
0 0.626823 0.364815 0.018229 0.087037
0 0.732552 0.403241 0.036979 0.097222
0 0.650000 0.414815 0.021875 0.092593
1 0.584635 0.603241 0.118229 0.226852
1 0.435937 0.337500 0.051042 0.110185
1 0.364844 0.287963 0.061979 0.153704
1 0.412760 0.203704 0.028646 0.059259
1 0.456510 0.221296 0.034896 0.075926
1 0.541146 0.362963 0.064583 0.116667
1 0.734375 0.266667 0.098958 0.068519
2 0.460156 0.107870 0.027604 0.067593
