0 0.296615 0.786574 0.056771 0.223148
0 0.398958 0.652778 0.055208 0.168519
0 0.250781 0.550000 0.056771 0.151852
0 0.141927 0.912963 0.069271 0.174074
0 0.118750 0.831019 0.053125 0.186111
0 0.742969 0.876389 0.068229 0.217593
0 0.837760 0.805093 0.068229 0.193519
0 0.900000 0.731944 0.053125 0.178704
0 0.776563 0.657870 0.046875 0.136111
0 0.727865 0.709259 0.056771 0.138889
0 0.674479 0.500463 0.035417 0.113889
0 0.723437 0.449537 0.030208 0.097222
0 0.754687 0.542593 0.044792 0.114815
0 0.592187 0.416667 0.019792 0.081481
0 0.565365 0.277315 0.020313 0.065741
0 0.176563 0.472222 0.068750 0.094444
0 0.271875 0.340741 0.048958 0.055556
1 0.568490 0.531944 0.104688 0.178704
1 0.430208 0.383333 0.063542 0.129630
1 0.354427 0.321296 0.069271 0.185185
1 0.410417 0.216204 0.028125 0.062037
1 0.454167 0.236111 0.034375 0.085185
1 0.524479 0.205093 0.037500 0.069444
1 0.732031 0.267130 0.100521 0.069444
0 0.680469 0.326389 0.019271 0.076852
2 0.461458 0.112963 0.026042 0.062963
