0 0.370573 0.860185 0.068229 0.237037
0 0.247917 0.924537 0.107292 0.150926
0 0.214323 0.670833 0.058854 0.200926
0 0.690365 0.735648 0.049479 0.162037
0 0.703906 0.637963 0.048438 0.159259
0 0.772396 0.669444 0.056250 0.164815
0 0.836719 0.629630 0.056771 0.188889
0 0.663281 0.469444 0.029687 0.109259
0 0.701302 0.415278 0.034896 0.089815
0 0.730990 0.566204 0.039062 0.126852
0 0.583594 0.386111 0.021354 0.079630
0 0.631510 0.410648 0.024479 0.100926
0 0.559115 0.258333 0.019271 0.057407
0 0.384635 0.289815 0.018229 0.072222
1 0.419792 0.428704 0.061458 0.140741
1 0.336979 0.357407 0.079167 0.183333
1 0.647917 0.898148 0.201042 0.203704
1 0.735156 0.263889 0.096354 0.072222
1 0.452865 0.242130 0.036979 0.093519
1 0.406510 0.224074 0.031771 0.068519
1 0.530208 0.313426 0.055208 0.099074
1 0.557813 0.471296 0.092708 0.164815
1 0.522135 0.193056 0.030729 0.062037
2 0.459375 0.115741 0.033333 0.066667
