2 0.152865 0.843056 0.066146 0.241667
2 0.380729 0.323611 0.030208 0.087963
2 0.576823 0.357870 0.030729 0.087963
2 0.616927 0.380093 0.025521 0.084259
2 0.646615 0.436111 0.028646 0.100000
2 0.679167 0.388889 0.031250 0.090741
2 0.662240 0.331944 0.021354 0.080556
2 0.739062 0.302315 0.033333 0.086111
2 0.644531 0.613889 0.046354 0.140741
2 0.678385 0.577315 0.028646 0.141667
2 0.723177 0.583796 0.049479 0.139815
2 0.787240 0.552315 0.053646 0.147222
2 0.803385 0.825926 0.074479 0.201852
1 0.407031 0.502315 0.073438 0.176852
1 0.640365 0.833333 0.218229 0.333333
1 0.322656 0.399537 0.085938 0.215741
1 0.541927 0.421759 0.073438 0.150926
1 0.528646 0.285648 0.043750 0.080556
1 0.452865 0.257407 0.041146 0.092593
1 0.402865 0.235648 0.032813 0.063889
1 0.520312 0.184259 0.034375 0.061111
1 0.733854 0.264352 0.094792 0.069444
0 0.172396 0.468981 0.062500 0.075000
2 0.460938 0.116667 0.034375 0.070370
