1 0.386198 0.605093 0.094271 0.213889
1 0.600260 0.724074 0.177604 0.314815
1 0.296875 0.456481 0.100000 0.253704
0 0.375260 0.376852 0.030729 0.096296
0 0.753125 0.685185 0.060417 0.174074
0 0.613542 0.527778 0.038542 0.111111
0 0.749479 0.494444 0.045833 0.135185
0 0.687760 0.524537 0.032813 0.123148
0 0.650260 0.518056 0.030729 0.139815
0 0.637500 0.400000 0.027083 0.087037
0 0.173958 0.470370 0.063542 0.077778
0 0.603125 0.354630 0.022917 0.077778
0 0.664323 0.358796 0.025521 0.082407
0 0.568750 0.332870 0.022917 0.080556
1 0.396094 0.256019 0.039062 0.078704
1 0.448958 0.284259 0.043750 0.105556
1 0.534375 0.385648 0.064583 0.117593
1 0.527083 0.266204 0.043750 0.082407
1 0.736198 0.266667 0.097396 0.068519
2 0.459635 0.118519 0.032813 0.062963
