1 0.347917 0.794907 0.126042 0.323148
0 0.939844 0.886111 0.092188 0.211111
0 0.703385 0.573611 0.047396 0.145370
0 0.722917 0.444907 0.041667 0.089815
0 0.623177 0.466667 0.022396 0.094444
0 0.587500 0.443519 0.034375 0.085185
0 0.651302 0.462963 0.030729 0.112963
0 0.592187 0.329167 0.018750 0.076852
0 0.622396 0.369444 0.021875 0.072222
0 0.651563 0.337500 0.025000 0.075000
0 0.371875 0.439352 0.032292 0.117593
0 0.175260 0.474074 0.064062 0.070370
0 0.273958 0.332407 0.043750 0.053704
1 0.580990 0.602315 0.134896 0.282407
1 0.281250 0.518519 0.114583 0.307407
1 0.445573 0.305093 0.044271 0.110185
1 0.528385 0.337500 0.056771 0.102778
1 0.523438 0.243519 0.037500 0.064815
1 0.735417 0.265741 0.103125 0.068519
1 0.390104 0.269444 0.043750 0.075926
1 0.451042 0.216204 0.039583 0.076852
2 0.457292 0.118056 0.028125 0.080556
