1 0.306250 0.933796 0.160417 0.132407
0 0.592187 0.845370 0.061458 0.205556
0 0.773438 0.793056 0.067708 0.195370
0 0.847135 0.706944 0.057813 0.189815
0 0.679427 0.510185 0.051562 0.116667
0 0.369531 0.523611 0.043229 0.152778
0 0.693229 0.421296 0.034375 0.100000
0 0.570312 0.383333 0.025000 0.070370
0 0.603646 0.420370 0.023958 0.094444
0 0.584375 0.302315 0.021875 0.069444
0 0.605990 0.292593 0.017188 0.068519
0 0.638281 0.308333 0.016146 0.068519
0 0.636719 0.385648 0.019271 0.087963
0 0.172135 0.461574 0.073438 0.089815
1 0.251823 0.609722 0.136979 0.413889
1 0.560417 0.512037 0.097917 0.201852
1 0.439844 0.331944 0.058854 0.125000
1 0.384635 0.293056 0.042188 0.084259
1 0.451042 0.223148 0.040625 0.087037
1 0.734115 0.271759 0.095312 0.071296
1 0.531250 0.316204 0.038542 0.076852
1 0.522656 0.228241 0.033854 0.060185
2 0.453646 0.113889 0.035417 0.055556
