0 0.223177 0.584259 0.050521 0.198148
0 0.304167 0.643519 0.052083 0.198148
0 0.314583 0.431019 0.036458 0.112037
0 0.358073 0.391667 0.033854 0.122222
0 0.167708 0.469907 0.077083 0.095370
0 0.271094 0.343519 0.056771 0.053704
0 0.356510 0.301852 0.034896 0.081481
0 0.611979 0.327315 0.040625 0.080556
0 0.578125 0.245833 0.043750 0.067593
0 0.679948 0.380093 0.031771 0.110185
0 0.621094 0.471296 0.028646 0.124074
0 0.638802 0.548148 0.039062 0.144444
0 0.652604 0.511111 0.031250 0.144444
0 0.671875 0.475000 0.041667 0.127778
0 0.716146 0.468056 0.042708 0.119444
0 0.690365 0.591204 0.040104 0.136111
0 0.708073 0.540278 0.040104 0.145370
0 0.765885 0.484722 0.044271 0.117593
0 0.774740 0.534722 0.055729 0.130556
0 0.742969 0.586574 0.041146 0.145370
0 0.729948 0.721296 0.083854 0.212963
0 0.783333 0.607870 0.052083 0.152778
0 0.846875 0.578241 0.054167 0.150926
0 0.822396 0.718519 0.057292 0.185185
0 0.875260 0.857870 0.078646 0.221296
0 0.912500 0.670833 0.068750 0.141667
0 0.927344 0.765741 0.089063 0.207407
0 0.964323 0.905556 0.071354 0.188889
1 0.470573 0.296296 0.088021 0.094444
1 0.562240 0.300000 0.082812 0.100000
1 0.568229 0.530556 0.111458 0.198148
1 0.608333 0.783796 0.177083 0.336111
1 0.689323 0.271759 0.119271 0.075000
1 0.452344 0.206481 0.027604 0.059259
1 0.427344 0.150926 0.035937 0.072222
2 0.472396 0.070833 0.018750 0.037963
