0 0.367448 0.677778 0.043229 0.185185
0 0.557552 0.706019 0.056771 0.154630
0 0.701042 0.627778 0.057292 0.159259
0 0.784375 0.589352 0.065625 0.154630
0 0.827344 0.944444 0.094271 0.111111
0 0.646354 0.446759 0.033333 0.100926
0 0.666927 0.386111 0.025521 0.088889
0 0.589844 0.388426 0.024479 0.091667
0 0.575781 0.280556 0.019271 0.070370
0 0.605729 0.315741 0.021875 0.064815
0 0.401042 0.262500 0.016667 0.060185
0 0.358333 0.262500 0.018750 0.056481
0 0.170052 0.456019 0.064062 0.089815
0 0.273958 0.336111 0.050000 0.048148
1 0.205469 0.753704 0.202604 0.492593
1 0.436458 0.367130 0.065625 0.152778
1 0.552865 0.460185 0.092188 0.177778
1 0.526563 0.291667 0.046875 0.092593
1 0.448437 0.239815 0.044792 0.098148
1 0.519792 0.212500 0.039583 0.058333
1 0.732812 0.265278 0.096875 0.067593
2 0.454688 0.122685 0.035417 0.067593
