0 0.348698 0.915278 0.079687 0.169444
0 0.737500 0.772222 0.068750 0.175926
0 0.542708 0.615278 0.048958 0.169444
0 0.657031 0.510648 0.049479 0.136111
0 0.730729 0.500463 0.043750 0.121296
0 0.629427 0.397685 0.030729 0.086111
0 0.391927 0.281944 0.019271 0.069444
0 0.167708 0.458333 0.069792 0.088889
0 0.270833 0.332407 0.052083 0.053704
1 0.545573 0.409722 0.094271 0.158333
1 0.425000 0.423611 0.070833 0.176852
1 0.360938 0.355556 0.050000 0.109259
1 0.447135 0.260648 0.049479 0.112037
1 0.421354 0.187963 0.028125 0.046296
1 0.518490 0.199074 0.032813 0.050000
1 0.524219 0.265741 0.049479 0.075926
1 0.734896 0.264352 0.100000 0.069444
2 0.456250 0.121296 0.034375 0.061111
