0 0.766406 0.941204 0.060937 0.117593
0 0.770573 0.781481 0.077604 0.198148
0 0.674479 0.613889 0.048958 0.164815
0 0.534375 0.550463 0.041667 0.145370
0 0.629687 0.438889 0.033333 0.116667
0 0.689323 0.436574 0.036979 0.106481
0 0.383333 0.313889 0.026042 0.075926
0 0.336458 0.314352 0.014583 0.063889
0 0.358594 0.291204 0.016146 0.075000
0 0.608073 0.354630 0.025521 0.077778
0 0.635156 0.322685 0.023438 0.080556
1 0.339323 0.401389 0.065104 0.136111
1 0.107552 0.951852 0.213021 0.096296
1 0.619792 0.949074 0.228125 0.101852
1 0.533333 0.370370 0.077083 0.140741
1 0.443229 0.286111 0.051042 0.137037
1 0.411719 0.497685 0.075521 0.208333
1 0.523177 0.255556 0.045312 0.081481
1 0.419792 0.196296 0.029167 0.059259
1 0.736719 0.265278 0.102604 0.080556
1 0.466667 0.167130 0.023958 0.056481
2 0.454427 0.124074 0.034896 0.068519
