0 0.685677 0.733796 0.045312 0.169444
0 0.800521 0.909259 0.080208 0.181481
0 0.873437 0.836111 0.072917 0.198148
0 0.705990 0.601389 0.053646 0.162037
0 0.632031 0.512500 0.035937 0.137963
0 0.528385 0.511574 0.043229 0.136111
0 0.606510 0.394444 0.027604 0.098148
0 0.657292 0.395370 0.027083 0.096296
0 0.628125 0.300926 0.023958 0.068519
0 0.376302 0.356019 0.021354 0.091667
0 0.320052 0.356481 0.027604 0.081481
0 0.351042 0.320833 0.018750 0.076852
0 0.559375 0.301852 0.014583 0.070370
1 0.393229 0.609259 0.078125 0.264815
1 0.611979 0.869444 0.208333 0.261111
1 0.321615 0.459259 0.082812 0.148148
1 0.438802 0.308333 0.052604 0.135185
1 0.526302 0.351389 0.065104 0.126852
1 0.522656 0.237037 0.034896 0.068519
1 0.451823 0.223148 0.031771 0.053704
1 0.414844 0.208333 0.028646 0.059259
2 0.451302 0.132870 0.035937 0.076852
1 0.734115 0.262963 0.104688 0.074074
