0 0.365104 0.409722 0.029167 0.106481
0 0.523438 0.480093 0.038542 0.121296
0 0.298698 0.406019 0.027604 0.099074
0 0.339844 0.361574 0.019271 0.089815
0 0.381510 0.321759 0.023438 0.076852
0 0.602083 0.438889 0.025000 0.107407
0 0.667188 0.505556 0.041667 0.135185
0 0.636198 0.567130 0.043229 0.137963
0 0.726562 0.713889 0.052083 0.181481
0 0.794792 0.670833 0.050000 0.167593
0 0.887760 0.849537 0.075521 0.232407
0 0.642708 0.358333 0.026042 0.088889
0 0.591146 0.348611 0.021875 0.086111
0 0.622917 0.281944 0.019792 0.063889
0 0.554688 0.283333 0.015625 0.068519
0 0.169271 0.467593 0.076042 0.085185
0 0.275000 0.333796 0.047917 0.058333
1 0.350781 0.789352 0.138021 0.421296
1 0.609375 0.807407 0.212500 0.385185
1 0.307031 0.523148 0.078646 0.170370
1 0.433073 0.337963 0.059896 0.161111
1 0.523958 0.318519 0.061458 0.122222
1 0.521094 0.225000 0.038021 0.068519
1 0.447135 0.238889 0.031771 0.064815
1 0.414844 0.213426 0.036979 0.056481
1 0.739323 0.269907 0.107813 0.071296
2 0.449740 0.137963 0.035937 0.077778
