0 0.355729 0.485648 0.032292 0.126852
0 0.676823 0.575463 0.044271 0.132407
0 0.737760 0.553704 0.050521 0.144444
0 0.816146 0.690741 0.063542 0.181481
0 0.611979 0.484722 0.037500 0.126852
0 0.514062 0.460185 0.034375 0.116667
0 0.636979 0.424537 0.035417 0.104630
0 0.582812 0.388889 0.036458 0.092593
0 0.628385 0.325463 0.028646 0.089815
0 0.580208 0.317130 0.018750 0.078704
0 0.272917 0.454630 0.033333 0.122222
0 0.328125 0.402315 0.030208 0.093519
0 0.365625 0.352315 0.038542 0.084259
1 0.326302 0.876852 0.188021 0.246296
1 0.288542 0.625000 0.110417 0.244444
1 0.594010 0.765278 0.181771 0.469444
1 0.429167 0.372222 0.075000 0.168519
1 0.523177 0.298148 0.056771 0.111111
1 0.519271 0.211111 0.043750 0.068519
1 0.448698 0.260648 0.044271 0.082407
1 0.411719 0.225000 0.035937 0.061111
1 0.462240 0.191204 0.032813 0.069444
1 0.738021 0.269444 0.096875 0.070370
2 0.446875 0.139352 0.036458 0.084259
