0 0.349740 0.599537 0.039062 0.167593
0 0.247917 0.536111 0.044792 0.144444
0 0.309375 0.482407 0.030208 0.122222
0 0.351302 0.408333 0.030729 0.112963
0 0.502344 0.441204 0.041146 0.102778
0 0.588802 0.416204 0.022396 0.104630
0 0.612240 0.368519 0.022396 0.083333
0 0.569271 0.344907 0.026042 0.078704
0 0.618750 0.294907 0.022917 0.071296
0 0.696875 0.472685 0.043750 0.132407
0 0.638802 0.475000 0.034896 0.114815
0 0.757031 0.581019 0.053646 0.154630
0 0.744271 0.895833 0.076042 0.208333
0 0.817187 0.834722 0.062500 0.204630
0 0.946875 0.896759 0.106250 0.206481
0 0.376302 0.304630 0.017188 0.075926
0 0.175781 0.465741 0.070312 0.081481
0 0.273438 0.331019 0.042708 0.062037
1 0.258594 0.785648 0.131771 0.328704
1 0.417187 0.418519 0.089583 0.200000
1 0.579167 0.644907 0.126042 0.354630
1 0.738802 0.268056 0.095312 0.071296
1 0.439583 0.280556 0.039583 0.088889
1 0.520312 0.274074 0.048958 0.100000
1 0.517708 0.196759 0.034375 0.052778
1 0.460156 0.198611 0.028646 0.067593
1 0.408073 0.236111 0.039062 0.062963
2 0.446354 0.139352 0.042708 0.080556
