0 0.349740 0.801852 0.057813 0.214815
0 0.215365 0.642593 0.051562 0.179630
0 0.279687 0.564815 0.046875 0.151852
0 0.328646 0.470370 0.031250 0.138889
0 0.502604 0.437963 0.036458 0.105556
0 0.679688 0.679630 0.052083 0.194444
0 0.754427 0.675000 0.055729 0.170370
0 0.851302 0.707870 0.056771 0.180556
0 0.823177 0.824537 0.074479 0.182407
0 0.934115 0.898148 0.086979 0.203704
0 0.836198 0.962037 0.085938 0.075926
0 0.666146 0.429630 0.033333 0.101852
0 0.716927 0.497685 0.031771 0.119444
0 0.614062 0.413889 0.028125 0.092593
0 0.573958 0.362500 0.019792 0.093519
0 0.600260 0.329167 0.021354 0.076852
0 0.365365 0.329167 0.023438 0.084259
0 0.335417 0.359259 0.027083 0.092593
1 0.401042 0.485185 0.093750 0.233333
1 0.225781 0.890741 0.165104 0.218519
1 0.620833 0.972685 0.162500 0.054630
1 0.567448 0.572685 0.098437 0.308333
1 0.522396 0.253704 0.041667 0.100000
1 0.435156 0.306019 0.046354 0.087963
1 0.402604 0.247222 0.037500 0.064815
1 0.459896 0.209259 0.033333 0.072222
1 0.516927 0.191667 0.032813 0.050000
1 0.736198 0.268056 0.097396 0.073148
2 0.442708 0.141667 0.038542 0.087037
