0 0.169792 0.823148 0.075000 0.231481
0 0.244792 0.694907 0.057292 0.173148
0 0.297656 0.542593 0.043229 0.166667
0 0.498698 0.438426 0.031771 0.125000
0 0.644271 0.538889 0.041667 0.148148
0 0.690885 0.451852 0.039062 0.107407
0 0.644010 0.382870 0.024479 0.087963
0 0.597396 0.358333 0.025000 0.075926
0 0.563021 0.323611 0.017708 0.073148
0 0.354948 0.377778 0.028646 0.098148
0 0.317188 0.406944 0.031250 0.097222
0 0.324479 0.323148 0.022917 0.070370
0 0.369010 0.297685 0.021354 0.063889
0 0.448958 0.278704 0.021875 0.059259
0 0.708594 0.550926 0.042188 0.124074
0 0.781510 0.594907 0.043229 0.154630
0 0.740625 0.650463 0.050000 0.110185
0 0.746615 0.793056 0.070312 0.200926
0 0.822656 0.721296 0.054688 0.200000
0 0.173177 0.468056 0.060937 0.086111
0 0.274219 0.335185 0.049479 0.055556
1 0.386458 0.554167 0.107292 0.269444
1 0.618750 0.882407 0.185417 0.235185
1 0.567708 0.506019 0.091667 0.260185
1 0.519271 0.241667 0.043750 0.085185
1 0.733594 0.270370 0.110937 0.074074
1 0.396875 0.262037 0.043750 0.075926
1 0.456250 0.218056 0.038542 0.073148
2 0.441406 0.151852 0.045312 0.088889
