0 0.196875 0.894444 0.069792 0.211111
0 0.248958 0.656481 0.052083 0.196296
0 0.296354 0.472222 0.045833 0.133333
0 0.338021 0.422222 0.029167 0.107407
0 0.494271 0.431481 0.035417 0.109259
0 0.677604 0.631019 0.042708 0.149074
0 0.751302 0.586574 0.051562 0.134259
0 0.953385 0.733796 0.092188 0.187963
0 0.622135 0.452778 0.026562 0.125926
0 0.622917 0.339815 0.026042 0.072222
0 0.661198 0.395370 0.036979 0.094444
0 0.582552 0.309259 0.019271 0.068519
0 0.559375 0.291667 0.015625 0.066667
0 0.441146 0.303241 0.018750 0.050926
0 0.400260 0.309722 0.015104 0.071296
0 0.361198 0.323148 0.026562 0.077778
0 0.308594 0.361111 0.023438 0.074074
0 0.274219 0.331944 0.050521 0.052778
0 0.174479 0.470833 0.079167 0.080556
1 0.357552 0.676389 0.127604 0.378704
1 0.605469 0.812963 0.167187 0.335185
1 0.562760 0.454630 0.088021 0.244444
1 0.520573 0.220833 0.041146 0.082407
1 0.451823 0.228241 0.039062 0.076852
1 0.734635 0.266204 0.095312 0.067593
2 0.438802 0.153241 0.038021 0.086111
