0 0.180990 0.713426 0.068229 0.226852
0 0.260937 0.881944 0.069792 0.236111
0 0.287760 0.503241 0.058854 0.147222
0 0.339062 0.468519 0.046875 0.137037
0 0.345313 0.343519 0.034375 0.101852
0 0.567708 0.350000 0.041667 0.105556
0 0.549219 0.244907 0.054688 0.050926
0 0.413281 0.266204 0.021354 0.075000
0 0.364323 0.265278 0.026562 0.067593
0 0.170833 0.478704 0.086458 0.098148
0 0.270573 0.344444 0.063021 0.055556
0 0.672917 0.387963 0.048958 0.116667
0 0.620313 0.460185 0.035417 0.124074
0 0.632292 0.537037 0.038542 0.148148
0 0.655208 0.509722 0.029167 0.123148
0 0.670573 0.474074 0.034896 0.131481
0 0.723958 0.478241 0.043750 0.126852
0 0.694271 0.586574 0.053125 0.149074
0 0.705469 0.690278 0.073438 0.182407
0 0.794792 0.675463 0.071875 0.176852
0 0.742969 0.577778 0.034896 0.127778
0 0.765885 0.497222 0.051562 0.142593
0 0.785417 0.593056 0.031250 0.136111
0 0.826562 0.545833 0.056250 0.154630
0 0.842187 0.791204 0.064583 0.193519
0 0.925000 0.853241 0.087500 0.241667
0 0.880208 0.725000 0.082292 0.170370
0 0.907813 0.666204 0.066667 0.162037
1 0.540625 0.299074 0.084375 0.087037
1 0.659896 0.273148 0.115625 0.090741
1 0.444531 0.315278 0.078646 0.082407
1 0.572396 0.531944 0.115625 0.195370
1 0.609115 0.790741 0.166146 0.333333
1 0.448437 0.213889 0.038542 0.074074
1 0.422917 0.155093 0.039583 0.073148
2 0.472396 0.081019 0.020833 0.049074
