0 0.180990 0.830556 0.073438 0.253704
0 0.689063 0.923611 0.078125 0.152778
0 0.866667 0.932870 0.081250 0.134259
0 0.908073 0.682870 0.078646 0.175000
0 0.318490 0.500000 0.030729 0.120370
0 0.263021 0.542130 0.037500 0.162037
0 0.486979 0.432407 0.050000 0.105556
0 0.433854 0.335185 0.018750 0.062963
0 0.287240 0.400926 0.028646 0.101852
0 0.346094 0.371759 0.024479 0.091667
0 0.387760 0.346296 0.024479 0.074074
0 0.334375 0.312037 0.018750 0.066667
0 0.275260 0.337963 0.050521 0.050000
0 0.170833 0.468981 0.076042 0.075000
0 0.607812 0.314352 0.025000 0.071296
0 0.606250 0.384722 0.018750 0.089815
0 0.577344 0.287037 0.022396 0.068519
0 0.652604 0.534259 0.025000 0.129630
0 0.704427 0.503704 0.038021 0.122222
1 0.325000 0.803241 0.164583 0.393519
1 0.588281 0.693981 0.129688 0.258333
1 0.563021 0.416204 0.082292 0.221296
1 0.452344 0.248611 0.036979 0.095370
1 0.387500 0.292593 0.055208 0.085185
2 0.435677 0.159722 0.049479 0.097222
1 0.521094 0.211111 0.038021 0.083333
1 0.734635 0.268519 0.094271 0.062963
