0 0.104427 0.893981 0.082812 0.212037
0 0.235937 0.587037 0.058333 0.170370
0 0.306510 0.569444 0.047396 0.177778
0 0.329427 0.378704 0.032813 0.098148
0 0.171615 0.471759 0.073438 0.078704
0 0.275000 0.343519 0.052083 0.062963
0 0.526042 0.386574 0.047917 0.073148
0 0.362760 0.291204 0.031771 0.076852
0 0.397135 0.271759 0.017188 0.058333
0 0.530208 0.230556 0.016667 0.061111
0 0.668229 0.372222 0.032292 0.085185
0 0.620313 0.466667 0.026042 0.098148
0 0.636719 0.544444 0.025521 0.125926
0 0.653385 0.511111 0.025521 0.120370
0 0.671615 0.472222 0.030729 0.118519
0 0.717448 0.467593 0.032813 0.092593
0 0.696354 0.580093 0.034375 0.115741
0 0.707292 0.689352 0.055208 0.171296
0 0.770312 0.492130 0.033333 0.128704
0 0.743750 0.570833 0.029167 0.143519
0 0.811458 0.517130 0.038542 0.145370
0 0.785417 0.600463 0.043750 0.117593
0 0.787760 0.666204 0.045312 0.145370
0 0.823958 0.758796 0.063542 0.184259
0 0.832552 0.927315 0.072396 0.145370
0 0.891927 0.785648 0.064062 0.182407
0 0.850781 0.674537 0.066146 0.145370
0 0.905469 0.660648 0.047396 0.162037
1 0.421094 0.326852 0.077604 0.105556
1 0.521875 0.312963 0.087500 0.085185
1 0.627604 0.277778 0.117708 0.081481
1 0.569010 0.532407 0.113021 0.175926
1 0.607031 0.784722 0.155729 0.321296
1 0.450260 0.207407 0.033854 0.064815
1 0.422135 0.154630 0.032813 0.070370
2 0.473438 0.076852 0.016667 0.035185
