0 0.181771 0.753241 0.060417 0.215741
0 0.278646 0.788426 0.068750 0.243519
0 0.306771 0.446296 0.030208 0.112963
0 0.478385 0.421296 0.033854 0.101852
0 0.347656 0.304167 0.020313 0.069444
0 0.176563 0.478241 0.077083 0.087963
0 0.273438 0.344444 0.057292 0.053704
0 0.656771 0.361111 0.028125 0.081481
0 0.617969 0.462963 0.042188 0.098148
0 0.638281 0.543519 0.029687 0.109259
0 0.674479 0.477315 0.025000 0.110185
0 0.655990 0.512963 0.038021 0.131481
0 0.705469 0.682870 0.054688 0.176852
0 0.726042 0.487963 0.039583 0.120370
0 0.709896 0.540741 0.040625 0.094444
0 0.699479 0.575926 0.047917 0.111111
0 0.745052 0.559722 0.024479 0.123148
0 0.764844 0.498611 0.038021 0.132407
0 0.806250 0.499537 0.040625 0.117593
0 0.786198 0.593056 0.032813 0.102778
0 0.793229 0.661111 0.047917 0.112963
0 0.822656 0.761574 0.077604 0.162037
0 0.838802 0.629630 0.046354 0.142593
0 0.887500 0.644444 0.042708 0.148148
0 0.877344 0.734259 0.063021 0.185185
0 0.801042 0.858796 0.061458 0.197222
0 0.961979 0.843056 0.076042 0.217593
0 0.772396 0.936111 0.067708 0.127778
0 0.656250 0.951389 0.131250 0.097222
1 0.394531 0.343981 0.078646 0.132407
1 0.504167 0.321296 0.068750 0.118519
1 0.597135 0.278241 0.102604 0.087963
1 0.574740 0.532870 0.105729 0.202778
1 0.609375 0.780556 0.160417 0.303704
1 0.453906 0.210648 0.033854 0.062037
1 0.423958 0.154630 0.038542 0.079630
2 0.473958 0.076852 0.017708 0.042593
