0 0.268750 0.519444 0.054167 0.157407
0 0.429948 0.487963 0.039062 0.105556
0 0.104688 0.931944 0.075000 0.136111
0 0.176563 0.479630 0.068750 0.079630
0 0.273438 0.342593 0.063542 0.064815
0 0.633594 0.544444 0.030729 0.125926
0 0.684375 0.949074 0.096875 0.101852
0 0.522135 0.925463 0.053646 0.149074
0 0.966406 0.943981 0.067187 0.112037
0 0.728385 0.877315 0.068229 0.226852
0 0.772135 0.807407 0.048438 0.188889
0 0.928646 0.756944 0.069792 0.163889
0 0.705990 0.687037 0.060937 0.125926
0 0.824740 0.751389 0.071354 0.134259
0 0.861979 0.698611 0.046875 0.180556
0 0.626042 0.463426 0.028125 0.110185
0 0.650521 0.506944 0.031250 0.136111
0 0.672396 0.468981 0.028125 0.117593
0 0.710417 0.537037 0.035417 0.118519
0 0.697396 0.572222 0.063542 0.114815
0 0.742448 0.549074 0.031771 0.150000
0 0.718750 0.480556 0.027083 0.133333
0 0.765365 0.493981 0.032813 0.125000
0 0.796094 0.479167 0.029687 0.128704
0 0.784115 0.594444 0.042188 0.125926
0 0.822396 0.596759 0.032292 0.145370
0 0.794792 0.658796 0.055208 0.113889
0 0.645833 0.338426 0.035417 0.086111
0 0.335417 0.310185 0.020833 0.079630
0 0.358073 0.304630 0.014063 0.044444
1 0.572396 0.289815 0.101042 0.111111
1 0.483594 0.333333 0.080729 0.116667
1 0.365885 0.372222 0.080729 0.111111
1 0.568490 0.530556 0.114062 0.196296
1 0.611979 0.783333 0.156250 0.314815
1 0.453646 0.205556 0.034375 0.061111
1 0.422135 0.159259 0.028646 0.074074
2 0.471875 0.079630 0.018750 0.044444
