0 0.209896 0.658333 0.053125 0.170370
0 0.394271 0.581019 0.026042 0.165741
0 0.514062 0.828704 0.056250 0.225926
0 0.693490 0.926389 0.097396 0.147222
0 0.872656 0.962037 0.074479 0.075926
0 0.935156 0.900463 0.085938 0.199074
0 0.620833 0.464352 0.038542 0.110185
0 0.636198 0.547685 0.031771 0.139815
0 0.654687 0.501852 0.021875 0.127778
0 0.674740 0.466204 0.028646 0.137963
0 0.720573 0.493519 0.039062 0.116667
0 0.708594 0.535648 0.024479 0.110185
0 0.697135 0.577315 0.042188 0.117593
0 0.710938 0.668519 0.053125 0.138889
0 0.704427 0.781944 0.054688 0.158333
0 0.743750 0.547222 0.023958 0.131481
0 0.768229 0.495833 0.028125 0.106481
0 0.791927 0.476389 0.028646 0.110185
0 0.823438 0.568519 0.034375 0.138889
0 0.876563 0.593056 0.027083 0.154630
0 0.855208 0.657870 0.039583 0.160185
0 0.783594 0.590741 0.034896 0.118519
0 0.792188 0.660185 0.050000 0.100000
0 0.767708 0.782870 0.052083 0.176852
0 0.821094 0.749537 0.065104 0.143519
0 0.909375 0.709722 0.047917 0.163889
0 0.629948 0.310648 0.030729 0.080556
0 0.329167 0.325463 0.016667 0.065741
0 0.342708 0.296296 0.022917 0.061111
0 0.175781 0.476852 0.072396 0.068519
0 0.272396 0.343056 0.054167 0.060185
0 0.369792 0.289815 0.017708 0.085185
1 0.345313 0.402778 0.082292 0.129630
1 0.473177 0.353704 0.074479 0.135185
1 0.545312 0.288889 0.098958 0.083333
1 0.572917 0.535185 0.108333 0.201852
1 0.601562 0.782407 0.161458 0.309259
1 0.451562 0.203704 0.034375 0.064815
1 0.422135 0.162500 0.031771 0.067593
2 0.470573 0.078704 0.022396 0.044444
